SNP	gene	nearest_gene	magma	Retina_eQTL_twas	blood_pQTL_pwas	retina_eQTL_MR	blood_pqtl_MR	retina_eQTL_coloc	retina_eQTL_TGFM	GTEx_eQTL_TGFM	pops	flames	eQTLGen_Finemapped	GTeX_Finemapped	ABC	Exon	EpiMap	Promoter	Cicero	hic_gene	Sc_target_gene	snp_promoter_gene	CADD	n_evidence	novel
rs2228552	COL16A1	1	1	1	0	1	0	0	0	0	1	1	0	0	1	0	1	0	0	0	1	1	5.897	10	0
rs73910866	PXDN	1	1	0	0	0	0	0	0	0	1	1	0	1	1	0	1	0	0	0	1	1	0.593	9	0
rs28464089	AFAP1	1	1	0	0	0	1	0	0	0	1	1	0	0	1	0	1	0	0	0	1	1	2.178	9	0
rs4652902	COL8A2	0	1	1	0	1	0	1	1	0	1	1	0	1	0	0	0	0	0	0	0	0	3.292	8	0
rs1153636	TCF4	1	1	0	0	0	0	1	0	0	1	1	0	1	1	0	0	1	0	0	0	0	11.2	8	1
rs17398137	ABI3BP	1	1	0	0	1	0	0	0	0	1	1	0	0	0	0	1	0	0	0	1	1	0.766	8	0
rs4730745	CAV1	1	1	1	0	0	0	0	0	0	1	1	0	0	1	0	1	0	0	0	1	0	1.505	8	0
rs61963301	COL4A1	1	1	0	0	0	1	0	0	0	1	1	0	0	0	0	1	0	0	0	1	1	2.378	8	0
rs1285841	CCDC88C	1	1	1	0	1	0	0	0	0	0	1	0	0	1	0	0	1	1	0	0	0	11.97	8	1
rs35198	CDH11	1	1	1	0	1	0	0	0	0	1	1	0	0	0	0	0	0	0	0	1	1	2.728	8	0
rs1859927	SNED1	1	1	0	0	1	1	0	0	0	1	1	0	0	0	0	0	0	0	0	1	1	0.927	8	1
rs34447926	LTBP1	1	1	0	0	1	0	1	0	0	1	1	0	0	0	0	1	0	0	0	0	0	15.51	7	0
rs11211480	TAL1	1	1	0	0	0	0	0	0	0	1	1	1	0	0	1	1	0	0	0	0	0	3.084	7	0
rs10737486	DDR2	1	1	1	0	0	0	0	0	0	1	1	0	0	1	0	1	0	0	0	0	0	1.225	7	0
rs687914	PRKCE	1	1	0	0	0	0	0	0	0	1	1	0	1	1	1	0	0	0	0	0	0	16.24	7	0
rs6714213	FMNL2	1	1	1	0	0	0	0	0	0	1	1	0	0	1	0	0	0	0	0	1	0	0.036	7	0
rs73199524	ITGB5	1	1	0	0	0	0	0	0	0	1	1	0	0	1	0	1	0	0	0	0	1	15.73	7	0
rs60340844	PLXND1	1	1	0	0	0	0	0	0	0	1	1	0	0	0	0	1	0	0	0	1	1	3.752	7	0
rs34471628	DUSP1	1	1	0	0	0	0	0	0	0	1	1	0	0	1	1	0	0	0	0	0	1	24.4	7	0
rs4715210	TFAP2B	1	1	0	0	0	0	0	0	0	1	1	0	1	0	0	0	0	0	1	1	0	0.124	7	0
rs524949	RELN	1	1	1	0	0	0	0	0	0	1	1	0	1	0	0	1	0	0	0	0	0	1.278	7	0
rs76020419	ANGPT2	0	1	0	0	0	1	0	0	0	1	1	0	1	0	1	0	0	0	0	0	1	21.4	7	0
rs28679501	MTUS1	1	1	0	0	0	0	0	0	0	1	1	0	1	0	1	1	0	0	0	0	0	1.073	7	0
rs62521292	FBXO32	1	1	0	0	0	0	0	0	0	1	1	0	0	0	0	1	0	0	0	1	1	2.025	7	0
rs4961722	BNC2	1	1	0	0	0	0	0	0	0	1	1	0	0	0	0	1	0	0	0	1	1	12.64	7	0
rs2660215	PRKG1	1	0	0	0	0	1	0	0	0	1	1	0	0	1	0	0	1	1	0	0	0	8.743	7	1
rs1649059	BICC1	1	1	0	0	0	0	0	0	1	1	1	0	0	1	0	0	0	0	0	1	0	5.117	7	0
rs33206	TSPAN11	1	0	0	0	0	0	0	1	0	1	1	0	1	1	0	1	0	0	0	0	0	2.3	7	0
rs1051924	TMEM119	1	1	1	0	0	0	0	0	0	1	1	0	0	0	1	1	0	0	0	0	0	2.037	7	0
rs1328372	GPC6	1	0	0	0	1	1	0	0	0	1	1	0	1	0	0	0	0	0	0	1	0	0.879	7	1
rs33912345	SIX6	1	1	0	0	0	0	0	0	0	0	1	0	0	1	1	0	0	1	0	1	0	21.2	7	0
rs2469077	SMAD6	1	1	1	0	0	0	0	0	0	1	1	0	0	1	0	1	0	0	0	0	0	0.699	7	0
rs9913911	GAS7	1	1	0	0	1	0	0	0	0	1	1	0	1	1	0	0	0	0	0	0	0	0.908	7	0
rs756481	TIMP3	0	1	1	1	0	1	0	0	0	1	1	0	0	0	0	1	0	0	0	0	0	5.907	7	0
rs72975983	COL4A3	1	1	1	0	0	0	0	0	0	1	1	0	0	0	0	0	0	0	0	1	1	1.941	7	0
rs11793533	RAPGEF1	1	1	0	0	1	0	0	0	0	1	1	0	0	0	0	0	0	0	1	1	0	1.634	7	1
rs12598456	IL34	1	1	1	0	1	0	0	0	0	1	1	0	0	0	0	0	0	0	0	1	0	1.815	7	0
rs2472494	ABCA1	1	1	0	0	0	0	1	0	0	1	1	0	0	1	0	0	0	0	0	0	0	0.914	6	0
rs1204336	CLIC5	1	1	1	0	1	0	1	0	0	0	1	0	0	0	0	0	0	0	0	0	0	2.17	6	0
rs7653536	DGKG	1	1	1	0	0	0	1	0	0	0	1	0	0	1	0	0	0	0	0	0	0	1.801	6	0
rs8009633	FERMT2	1	1	0	0	0	0	1	0	0	1	1	0	0	1	0	0	0	0	0	0	0	7.492	6	0
rs56226194	GMDS	1	1	1	0	0	0	1	0	0	1	1	0	0	0	0	0	0	0	0	0	0	1.621	6	0
rs11264065	FHL3	0	1	0	0	0	0	0	0	1	1	1	1	1	0	0	0	0	0	0	0	0	3.176	6	0
rs4076000	WLS	0	1	0	0	0	0	0	0	0	1	1	0	1	0	0	0	0	0	0	1	1	0.377	6	0
rs7565034	SPTBN1	1	0	0	0	0	0	0	0	0	1	1	0	0	0	0	1	0	0	1	0	1	1.531	6	0
rs2571445	TNS1	1	1	0	0	0	0	0	0	0	1	1	0	1	0	1	0	0	0	0	0	0	15.08	6	0
rs939055	TRIM71	1	1	0	0	0	0	0	0	0	0	1	0	0	1	0	0	0	0	0	1	1	9.716	6	0
rs6791035	CADM2	1	1	0	1	0	0	0	0	0	1	1	0	1	0	0	0	0	0	0	0	0	0.874	6	0
rs6787621	LPP	1	0	0	0	0	0	0	0	0	1	1	0	1	1	0	0	0	0	0	1	0	16.95	6	0
rs368503	ANKH	1	1	0	0	0	0	0	0	0	1	1	0	0	1	0	0	0	0	1	0	0	0.536	6	0
rs11742611	ITGA1	1	1	0	0	0	0	0	0	0	1	1	0	0	1	0	1	0	0	0	0	0	2.748	6	1
	KCTD20	0	1	1	0	0	0	0	0	0	0	1	0	0	0	1	1	0	0	1	0	0		6	0
rs2817118	SUPT3H	1	0	0	0	1	0	0	0	0	1	1	0	0	1	0	1	0	0	0	0	0	0.095	6	1
	DLL1	0	1	0	0	0	0	0	0	0	1	1	0	0	1	0	0	0	0	0	1	1		6	1
rs61751937	SVEP1	1	1	0	0	0	1	0	0	0	1	1	0	1	0	0	0	0	0	0	0	0	27	6	1
rs10817576	COL27A1	1	1	0	0	0	0	0	0	0	1	1	0	0	1	0	1	0	0	0	0	0	0.934	6	1
rs647340	CCND1	1	1	0	0	0	0	0	0	0	1	1	0	0	1	0	0	0	0	0	1	0	15.2	6	1
rs686768	ME3	1	1	0	0	1	0	0	0	0	0	0	0	0	0	1	0	0	0	0	1	1	1.235	6	0
rs10895278	YAP1	1	1	0	0	0	0	0	0	0	1	1	0	0	0	0	1	0	0	0	1	0	0.241	6	0
rs7946009	ETS1	1	1	0	0	0	0	0	0	0	1	1	1	0	0	0	1	0	0	0	0	0	0.596	6	0
rs35107139	BMP4	1	1	0	0	0	0	0	0	0	1	1	1	0	0	0	1	0	0	0	0	0	5.442	6	1
rs12385910	ZBTB1	1	1	0	0	1	0	0	0	0	0	1	1	1	0	0	0	0	0	0	0	0	8.114	6	1
rs11160251	SYNE3	1	1	0	0	0	0	0	0	0	1	1	0	1	0	0	1	0	0	0	0	0	0.824	6	1
rs2116065	TCF12	1	1	0	0	0	0	0	0	0	1	1	0	0	1	0	0	0	0	1	0	0	3.093	6	0
rs4798490	ARHGAP28	1	1	1	0	0	0	0	0	0	1	1	0	0	0	0	1	0	0	0	0	0	3.963	6	1
rs123698	PTBP1	1	1	1	0	0	0	0	0	0	0	0	0	0	1	0	1	0	0	0	0	1	0.771	6	0
rs440677	KANK2	1	1	0	0	0	0	0	0	0	1	1	0	1	0	0	1	0	0	0	0	0	0.04	6	0
	LIF	0	1	0	0	0	1	0	0	0	1	1	0	1	0	0	0	0	0	0	1	0		6	1
rs4907985	COL11A1	1	1	1	0	1	0	0	0	0	1	1	0	0	0	0	0	0	0	0	0	0	3.901	6	0
rs2627231	SLC2A12	1	1	1	0	0	0	0	0	0	1	1	0	0	0	0	0	0	0	0	1	0	0.87	6	0
rs754458	LTBP2	1	1	1	0	0	1	0	0	0	1	1	0	0	0	0	0	0	0	0	0	0	0.19	6	0
rs56122343	EFEMP1	1	1	0	0	0	1	0	0	0	1	1	0	0	0	0	0	0	0	0	1	0	4.886	6	0
rs12786875	PRSS23	1	1	0	0	1	0	0	0	0	1	1	0	0	0	0	0	0	0	0	1	0	7.446	6	0
rs980204	EXOC6	1	1	0	0	1	0	0	0	0	1	1	0	0	0	0	0	0	0	0	1	0	3.922	6	0
	LRP4	0	1	0	1	0	1	0	0	1	1	0	0	0	0	0	0	0	0	0	0	1		6	0
rs10504247	FAM110B	1	0	0	0	0	0	1	0	0	1	1	0	0	0	0	1	0	0	0	0	0	12.1	5	1
rs2745572	FOXC1	1	0	0	0	0	0	1	0	0	1	1	0	0	0	0	0	0	0	1	0	0	14.39	5	0
	FOXF1	0	1	1	0	0	0	1	0	0	0	1	0	0	0	0	1	0	0	0	0	0		5	0
	SNX32	0	1	1	0	1	0	1	1	0	0	0	0	0	0	0	0	0	0	0	0	0		5	0
rs10798036	HMCN1	1	1	0	0	0	0	0	0	0	1	1	0	1	0	0	0	0	0	0	0	0	0.07	5	0
rs782610	PNPT1	1	1	0	0	0	0	0	0	0	0	1	0	0	1	0	0	0	0	0	1	0	5.112	5	0
rs6732795	ANTXR1	1	1	0	0	0	0	0	0	0	1	1	0	0	0	0	1	0	0	0	0	0	12.11	5	0
rs1810229	ACOXL	1	1	0	0	0	0	0	0	0	0	1	0	0	1	0	1	0	0	0	0	0	4.465	5	0
rs11900807	TRAF3IP1	1	1	0	0	0	0	0	0	0	0	1	0	1	0	0	0	0	0	0	0	1	2.989	5	1
rs2659689	GATA2	1	1	0	0	0	0	0	0	0	1	1	0	0	0	0	0	1	0	0	0	0	1.132	5	0
rs9816799	MECOM	1	1	0	0	0	0	0	0	0	1	1	0	0	0	0	1	0	0	0	0	0	1.447	5	0
rs9838674	HES1	1	0	0	0	0	0	0	0	0	1	1	0	0	1	0	1	0	0	0	0	0	5.659	5	1
rs4833087	KLF3	1	1	0	0	0	0	0	0	0	1	1	0	0	0	0	1	0	0	0	0	0	0.547	5	1
rs10024506	FAM13A	1	1	0	0	0	0	0	0	0	1	1	1	0	0	0	0	0	0	0	0	0	9.237	5	0
rs1354710	FAT4	1	1	0	0	0	0	0	0	0	1	1	0	0	0	0	1	0	0	0	0	0	3.347	5	0
rs11737799	STOX2	1	1	0	0	0	0	0	0	0	1	1	0	0	0	0	1	0	0	0	0	0	4.202	5	0
rs2913545	THBS4	1	1	0	0	0	0	0	0	0	1	1	0	1	0	0	0	0	0	0	0	0	0.89	5	1
rs2288826	JAKMIP2	1	1	0	0	0	0	0	0	0	0	1	0	0	1	0	1	0	0	0	0	0	0.569	5	0
rs3887874	ABLIM3	1	1	0	0	0	0	0	0	0	0	1	0	0	1	0	0	0	0	0	1	0	0.497	5	0
rs11748318	TIGD6	1	1	0	0	0	0	0	0	0	0	1	0	0	1	1	0	0	0	0	0	0	5.216	5	1
rs166239	BNIP1	1	1	0	0	0	0	0	0	0	0	1	0	1	0	0	0	0	0	0	0	1	0.734	5	0
rs2815114	KCNK5	1	1	0	0	0	0	0	0	0	1	1	1	0	0	0	0	0	0	0	0	0	2.227	5	0
rs7753531	PHIP	1	1	0	0	0	0	0	0	0	1	1	1	0	0	0	0	0	0	0	0	0	7.876	5	1
rs6905855	SOBP	1	1	0	0	0	0	0	0	0	0	1	0	0	0	0	1	0	0	0	0	1	7.156	5	1
rs7866318	GLIS3	1	1	0	0	0	0	0	0	0	1	1	0	0	0	0	1	0	0	0	0	0	18.67	5	0
	CTNNAL1	0	1	0	0	0	0	0	0	0	1	1	0	0	0	1	0	0	0	0	0	1		5	0
rs1336980	LMX1B	1	1	0	0	0	0	0	0	0	1	1	0	0	0	0	1	0	0	0	0	0	17.8	5	0
rs35809595	ARID5B	1	1	0	0	0	0	0	0	0	1	1	0	0	1	0	0	0	0	0	0	0	1.322	5	1
	FAM53B	0	1	0	0	0	0	0	0	0	1	1	0	0	1	0	1	0	0	0	0	0		5	0
rs11244864	ADAM12	1	1	0	0	0	0	0	0	0	1	1	0	0	0	0	1	0	0	0	0	0	1.416	5	0
rs9666712	TSPAN18	1	1	0	0	0	0	0	0	0	1	1	0	0	0	0	1	0	0	0	0	0	4.859	5	0
	LTBP3	0	1	1	0	0	0	0	0	0	1	1	0	1	0	0	0	0	0	0	0	0		5	0
rs58073046	ARHGEF12	1	1	0	0	0	0	0	0	0	1	1	0	0	0	1	0	0	0	0	0	0	12.9	5	0
rs2875238	ADAMTS8	1	1	0	0	0	1	0	0	0	0	1	0	1	0	0	0	0	0	0	0	0	2.731	5	0
rs7954340	ADAMTS20	1	1	0	0	0	0	0	0	0	1	1	0	0	1	0	0	0	0	0	0	0	1.064	5	0
rs632050	LATS2	1	1	0	0	0	0	0	0	0	1	1	0	0	0	0	1	0	0	0	0	0	1.236	5	0
rs7317531	FGF9	1	0	0	0	0	0	0	0	0	1	1	0	0	1	0	1	0	0	0	0	0	1.766	5	0
	SIX1	0	1	0	0	0	0	0	0	0	1	1	0	0	1	0	0	0	0	1	0	0		5	0
rs9989355	ITGA11	1	1	0	0	0	0	0	0	0	1	1	0	1	0	0	0	0	0	0	0	0	0.93	5	1
rs975210	TLE3	1	1	0	0	0	0	0	0	0	1	1	0	0	0	0	1	0	0	0	0	0	4.266	5	0
rs8034017	LOXL1	1	1	0	0	0	0	0	0	0	1	1	0	0	0	0	1	0	0	0	0	0	0.438	5	0
rs2074585	IQGAP1	1	1	0	0	0	0	0	0	0	1	1	0	0	0	1	0	0	0	0	0	0	0.001	5	1
rs1975752	CHSY1	1	1	0	0	0	0	0	0	0	0	1	0	1	0	0	1	0	0	0	0	0	5.424	5	1
rs56283750	VPS9D1	1	1	0	0	0	0	0	0	0	0	0	0	1	0	0	0	0	1	0	0	1	5.081	5	0
rs277066	MSI2	1	1	0	0	0	0	0	0	0	1	1	0	0	0	0	0	1	0	0	0	0	0.121	5	0
rs2621204	COLEC12	1	1	0	0	0	0	0	0	0	1	1	0	0	1	0	0	0	0	0	0	0	0.702	5	1
rs72973711	ZNF516	1	1	0	0	0	0	0	0	0	1	1	0	0	0	0	1	0	0	0	0	0	7.207	5	0
rs12158214	TXNRD2	1	1	1	0	0	0	0	0	0	0	1	0	0	0	0	1	0	0	0	0	0	1.529	5	0
rs9619753	SCARF2	1	0	0	0	0	0	0	0	0	1	1	0	0	1	0	0	1	0	0	0	0	10.74	5	0
rs4822983	CHEK2	1	1	0	0	0	0	0	0	0	0	1	0	1	0	0	0	1	0	0	0	0	1.123	5	0
rs1057001	TRIB2	1	1	0	0	1	0	0	0	0	1	1	0	0	0	0	0	0	0	0	0	0	0.091	5	0
rs1228898	SEMA3A	1	1	0	0	0	0	0	0	0	1	1	0	0	0	0	0	0	0	1	0	0	1.512	5	1
rs2526099	THSD7A	1	1	0	0	0	0	0	0	0	1	1	0	0	0	0	0	0	0	0	1	0	8.097	5	0
rs1286773	RARB	1	1	0	0	0	0	0	0	0	1	1	0	0	0	0	0	0	0	1	0	0	5.676	5	0
rs10869665	PCSK5	1	1	0	0	0	0	0	0	0	1	1	0	0	0	0	0	0	0	0	1	0	1.188	5	0
rs78556536	ADAMTS18	1	1	0	0	0	0	0	1	0	1	1	0	0	0	0	0	0	0	0	0	0	4.033	5	1
rs17135357	EXOC2	1	1	1	0	0	0	0	0	0	1	1	0	0	0	0	0	0	0	0	0	0	9.286	5	0
rs17752199	PKHD1	1	1	0	0	0	0	0	0	0	1	1	0	0	0	0	0	0	0	1	0	0	18.58	5	0
rs111439095	LMO7	1	1	1	0	0	0	0	0	0	1	1	0	0	0	0	0	0	0	0	0	0	1	5	0
rs11213558	ARHGAP20	1	1	0	0	0	0	0	0	0	1	1	0	0	0	0	0	0	0	0	0	1	5.206	5	0
rs56322058	DCBLD2	1	0	0	0	0	0	0	0	0	1	1	0	0	0	0	0	0	0	1	0	1	8.547	5	0
rs12613800	ZNF638	1	1	1	0	1	0	0	0	0	0	1	0	0	0	0	0	0	0	0	0	0	2.067	5	0
rs9889262	ZNF652	1	1	1	0	0	0	0	0	0	1	1	0	0	0	0	0	0	0	0	0	0	17.31	5	0
rs4919459	WNT8B	1	1	1	0	1	0	0	0	0	0	1	0	0	0	0	0	0	0	0	0	0	7.593	5	1
rs12202732	SRSF3	1	1	0	0	0	0	0	0	0	0	0	0	0	0	0	0	0	0	1	1	1	1.254	5	0
	KREMEN1	0	1	1	1	1	1	0	0	0	0	0	0	0	0	0	0	0	0	0	0	0		5	0
	LGALS1	0	1	1	0	1	1	0	0	0	1	0	0	0	0	0	0	0	0	0	0	0		5	0
rs7800336	SEMA3E	1	1	1	1	0	0	0	0	0	1	0	0	0	0	0	0	0	0	0	0	0	0.421	5	0
	CYP2W1	0	1	1	0	1	0	1	0	0	0	0	0	0	0	0	0	0	0	0	0	0		4	1
	EIF1AD	0	1	1	0	1	0	1	0	0	0	0	0	0	0	0	0	0	0	0	0	0		4	1
	FIBP	0	1	0	0	0	0	1	0	0	0	0	1	0	0	0	0	1	0	0	0	0		4	0
	MAP7D1	0	1	0	0	0	0	1	0	0	0	0	0	0	1	0	1	0	0	0	0	0		4	0
rs302714	RERE	1	0	0	0	0	0	0	0	0	1	1	0	1	0	0	0	0	0	0	0	0	0.824	4	0
	TINAGL1	0	0	0	0	0	0	0	0	0	0	1	0	1	1	0	1	0	0	0	0	0		4	1
	INPP5B	0	1	0	1	0	0	0	0	0	0	1	0	0	1	0	0	0	0	0	0	0		4	0
rs9429072	TESK2	1	1	0	0	0	0	0	0	0	0	1	0	0	1	0	0	0	0	0	0	0	0.345	4	0
rs702490	GLIS1	1	1	0	0	0	0	0	0	0	0	1	0	0	0	0	1	0	0	0	0	0	16.07	4	0
	SSBP3	0	1	0	0	0	0	0	0	0	1	1	0	0	1	0	0	0	0	0	0	0		4	1
rs1192415	TGFBR3	1	0	0	0	0	0	0	0	0	1	1	0	0	1	0	0	0	0	0	0	0	10.17	4	1
	STRIP1	0	1	0	0	0	0	0	0	0	0	1	1	1	0	0	0	0	0	0	0	0		4	0
rs11589479	ADAM15	1	1	0	0	0	0	0	0	0	0	0	0	1	0	1	0	0	0	0	0	0	18.75	4	0
rs4657477	TMCO1	1	1	0	0	0	0	0	0	0	0	1	0	1	0	0	0	0	0	0	0	0	1.322	4	0
rs55677910	TBC1D8	1	1	0	0	0	0	0	0	0	0	1	1	0	0	0	0	0	0	0	0	0	5.416	4	0
	COBLL1	0	0	0	0	0	0	0	0	0	1	1	0	1	0	0	0	0	0	0	0	1		4	0
rs11674520	SLC38A11	1	1	0	0	0	0	0	0	0	0	1	0	0	0	1	0	0	0	0	0	0	0.401	4	0
rs7422272	DGKD	1	1	0	0	0	0	0	0	0	0	1	0	0	1	0	0	0	0	0	0	0	0.753	4	1
	TWIST2	0	1	0	0	0	0	0	0	0	1	1	0	0	1	0	0	0	0	0	0	0		4	1
	COL8A1	0	1	0	0	0	0	0	0	0	1	1	0	1	0	0	0	0	0	0	0	0		4	0
rs6437582	ALCAM	1	1	0	0	1	0	0	0	0	0	0	0	0	1	0	0	0	0	0	0	0	9.024	4	0
rs11710845	TSC22D2	1	0	0	0	0	0	0	0	0	1	1	0	0	1	0	0	0	0	0	0	0	14.8	4	0
rs11732957	FAT1	1	0	0	0	0	0	0	0	0	1	1	0	0	1	0	0	0	0	0	0	0	0.427	4	1
rs72759609	PDZD2	1	0	0	0	0	0	0	0	0	1	1	0	0	0	0	1	0	0	0	0	0	4.789	4	1
	IRF1	0	0	0	0	0	0	0	0	0	0	1	1	0	1	0	1	0	0	0	0	0		4	1
	TCF7	0	0	1	0	0	0	0	0	0	0	1	0	0	0	1	1	0	0	0	0	0		4	0
	BRD8	0	1	0	0	0	0	0	0	0	1	0	0	0	1	0	0	1	0	0	0	0		4	1
	PXT1	0	1	0	0	0	0	0	0	0	0	1	0	1	0	0	0	0	0	1	0	0		4	0
	IRAK1BP1	0	1	0	0	1	0	0	0	0	0	1	0	1	0	0	0	0	0	0	0	0		4	1
rs9364973	TMEM181	1	1	0	0	0	0	0	0	0	0	1	0	1	0	0	0	0	0	0	0	0	5.51	4	0
rs2191828	CREB5	1	0	0	0	0	0	0	0	0	1	1	0	0	1	0	0	0	0	0	0	0	0.138	4	0
	DLC1	0	1	0	0	0	0	0	0	0	1	1	0	0	0	0	1	0	0	0	0	0		4	1
rs35220810	GTF2E2	1	1	0	0	0	0	0	0	0	0	1	0	0	0	0	1	0	0	0	0	0	0.289	4	0
	RBPMS	0	1	0	0	0	0	0	0	0	1	1	1	0	0	0	0	0	0	0	0	0		4	0
	SMIM18	0	1	0	0	0	0	0	0	0	0	0	0	0	0	1	0	0	0	0	1	1		4	0
	CDKN2A	0	1	0	0	0	0	0	0	0	1	1	0	0	0	0	1	0	0	0	0	0		4	0
rs2295794	TLN1	1	0	0	0	0	0	0	0	0	1	1	0	1	0	0	0	0	0	0	0	0	8.326	4	1
	ENDOG	0	1	1	0	0	0	0	0	0	0	0	0	1	0	0	0	0	0	0	0	1		4	0
rs10906565	FRMD4A	1	0	0	0	0	0	0	0	0	1	1	0	1	0	0	0	0	0	0	0	0	0.796	4	1
rs2785070	PTEN	1	0	0	0	0	0	0	0	0	1	1	0	1	0	0	0	0	0	0	0	0	1.712	4	1
	ST5	0	1	0	0	0	0	0	0	0	1	1	0	0	0	0	1	0	0	0	0	0		4	1
	ENO2	0	0	0	0	0	1	0	0	0	0	0	1	0	0	0	0	0	0	0	1	1		4	1
	PTPN6	0	0	0	0	0	0	0	0	0	1	1	0	1	0	0	1	0	0	0	0	0		4	1
	CMKLR1	0	0	0	0	0	0	0	0	0	0	1	0	0	1	0	1	0	1	0	0	0		4	1
rs12881226	TTLL5	1	1	0	0	0	0	0	0	0	0	1	0	0	0	0	0	1	0	0	0	0	0.948	4	0
rs10851911	ADAMTS7	1	0	0	0	0	0	0	0	0	1	1	0	1	0	0	0	0	0	0	0	0	0.444	4	1
	ZNF276	0	1	0	0	0	0	0	0	0	0	1	1	0	0	1	0	0	0	0	0	0		4	0
rs4790631	SPNS3	1	1	0	0	0	0	0	0	0	0	1	0	1	0	0	0	0	0	0	0	0	0.407	4	1
	COL1A1	0	0	0	0	0	0	0	0	0	1	1	0	0	1	1	0	0	0	0	0	0		4	1
rs817564	MAP2K6	1	1	0	0	0	0	0	0	0	0	1	0	0	0	0	1	0	0	0	0	0	0.93	4	1
rs11077968	FASN	1	1	0	1	0	0	0	0	0	0	0	0	0	1	0	0	0	0	0	0	0	1.296	4	1
	MYL12B	0	0	0	0	0	0	0	0	0	1	1	0	0	1	0	0	1	0	0	0	0		4	1
rs4468717	TGIF1	1	0	0	0	0	0	0	0	0	0	1	0	0	0	1	1	0	0	0	0	0	17.35	4	1
	ZDHHC8	0	0	0	0	0	0	0	0	0	0	1	0	1	1	0	0	1	0	0	0	0		4	1
	TTC28	0	1	0	0	0	0	0	0	0	1	1	0	1	0	0	0	0	0	0	0	0		4	0
	SH3BP1	0	1	1	0	0	1	0	0	0	0	0	0	0	1	0	0	0	0	0	0	0		4	0
rs13086016	RBMS3	1	1	0	0	0	0	0	0	0	1	1	0	0	0	0	0	0	0	0	0	0	8.657	4	1
rs2446890	CADM1	1	1	0	0	0	0	0	0	0	1	1	0	0	0	0	0	0	0	0	0	0	9.034	4	1
rs17527016	PITX2	1	1	0	0	0	0	0	0	0	1	1	0	0	0	0	0	0	0	0	0	0	16.14	4	0
rs12465268	PARD3B	1	1	0	0	0	0	0	0	0	1	1	0	0	0	0	0	0	0	0	0	0	8.725	4	0
rs9372667	GJA1	1	0	0	0	0	0	0	0	0	1	1	0	0	0	0	0	0	0	1	0	0	2.416	4	0
rs7101614	FAT3	1	1	0	0	0	0	0	0	0	1	1	0	0	0	0	0	0	0	0	0	0	16.22	4	1
rs4578988	FOXP1	1	1	0	0	0	0	0	0	0	1	1	0	0	0	0	0	0	0	0	0	0	3.83	4	0
	LYPLAL1	0	1	1	0	0	0	0	0	0	1	1	0	0	0	0	0	0	0	0	0	0		4	0
rs11751252	SASH1	1	1	0	0	0	0	0	0	0	1	1	0	0	0	0	0	0	0	0	0	0	18.81	4	1
rs72697388	TLL1	1	1	0	0	0	0	0	0	0	1	1	0	0	0	0	0	0	0	0	0	0	0.094	4	0
rs2514885	ANGPT1	1	1	0	0	0	0	0	0	0	1	1	0	0	0	0	0	0	0	0	0	0	0.874	4	0
rs8093702	CCBE1	1	1	0	0	0	0	0	0	0	1	1	0	0	0	0	0	0	0	0	0	0	0.199	4	1
rs30662	ADAMTS19	1	1	0	0	0	0	0	0	0	1	1	0	0	0	0	0	0	0	0	0	0	2.02	4	0
rs34872471	TCF7L2	1	1	0	0	0	0	0	0	0	1	1	0	0	0	0	0	0	0	0	0	0	0.04	4	0
rs463530	ERG	1	1	0	0	0	0	0	0	0	1	1	0	0	0	0	0	0	0	0	0	0	2.913	4	0
rs13276048	PKIA	1	0	0	0	0	0	0	0	1	1	1	0	0	0	0	0	0	0	0	0	0	1.466	4	0
rs10248136	POU6F2	1	1	0	0	0	0	0	0	0	1	1	0	0	0	0	0	0	0	0	0	0	1.389	4	0
rs469033	RAI14	1	1	0	0	0	0	0	0	0	1	1	0	0	0	0	0	0	0	0	0	0	1.972	4	0
rs7748159	PDE7B	1	1	0	0	0	0	0	0	0	1	1	0	0	0	0	0	0	0	0	0	0	2.308	4	0
rs2326788	BMP2	1	1	0	0	0	0	0	0	0	1	1	0	0	0	0	0	0	0	0	0	0	14.93	4	0
rs12913832	HERC2	1	1	0	0	0	0	0	0	0	1	1	0	0	0	0	0	0	0	0	0	0	16.59	4	0
rs9919429	REEP3	1	1	0	0	0	0	0	0	0	1	1	0	0	0	0	0	0	0	0	0	0	0.87	4	0
rs11072301	THSD4	1	1	0	0	0	0	0	0	0	1	1	0	0	0	0	0	0	0	0	0	0	1.453	4	0
rs6445054	FNDC3B	1	1	0	0	0	0	0	0	0	1	1	0	0	0	0	0	0	0	0	0	0	8.658	4	0
rs2274224	PLCE1	1	1	0	0	0	0	0	0	0	1	1	0	0	0	0	0	0	0	0	0	0	16.04	4	0
rs13438572	CTTNBP2	1	1	0	0	0	0	0	0	0	1	1	0	0	0	0	0	0	0	0	0	0	3.943	4	0
rs10043368	ZNF366	1	1	0	0	0	0	0	0	0	1	1	0	0	0	0	0	0	0	0	0	0	0.071	4	0
rs2492911	MKX	1	1	0	0	0	0	0	0	0	1	1	0	0	0	0	0	0	0	0	0	0	3.074	4	1
rs7137713	ITPR2	1	1	0	0	0	0	0	0	0	1	1	0	0	0	0	0	0	0	0	0	0	6.314	4	0
rs2821311	NR5A2	1	1	0	0	0	0	0	0	0	1	1	0	0	0	0	0	0	0	0	0	0	13.09	4	0
rs7636574	ARHGEF3	1	1	0	0	0	0	0	0	0	1	1	0	0	0	0	0	0	0	0	0	0	13.02	4	0
rs2443722	VGLL4	1	1	0	0	0	0	0	0	0	1	1	0	0	0	0	0	0	0	0	0	0	0.948	4	1
rs12076366	COL24A1	1	1	0	0	0	0	0	0	0	1	1	0	0	0	0	0	0	0	0	0	0	5.803	4	0
rs661662	HIVEP3	1	1	0	0	0	0	0	0	0	1	1	0	0	0	0	0	0	0	0	0	0	7.282	4	1
rs10919470	PRRX1	1	1	0	0	0	0	0	0	0	1	1	0	0	0	0	0	0	0	0	0	0	0.508	4	1
rs4842267	PAWR	1	1	0	0	0	0	0	0	0	1	1	0	0	0	0	0	0	0	0	0	0	3.356	4	1
rs9398173	FOXO3	1	1	0	0	0	0	0	0	0	1	1	0	0	0	0	0	0	0	0	0	0	0.323	4	1
rs10237321	CALD1	1	1	0	0	0	0	0	0	0	1	1	0	0	0	0	0	0	0	0	0	0	3.879	4	0
rs3818012	EYA2	1	1	0	0	0	0	0	0	0	1	1	0	0	0	0	0	0	0	0	0	0	0.429	4	0
rs7520165	DNM3	1	1	0	0	0	0	0	0	0	1	1	0	0	0	0	0	0	0	0	0	0	0.565	4	0
	VCAM1	0	1	1	0	0	0	0	0	0	1	1	0	0	0	0	0	0	0	0	0	0		4	0
rs281857	CCDC3	1	1	0	0	0	0	0	0	0	1	1	0	0	0	0	0	0	0	0	0	0	1.276	4	0
	CAV2	0	1	0	0	1	0	0	0	0	0	1	0	0	0	0	0	0	0	0	1	0		4	0
rs10784502	HMGA2	1	1	0	0	0	0	0	0	0	1	1	0	0	0	0	0	0	0	0	0	0	1.474	4	0
rs13191376	RUNX2	1	1	0	0	0	0	0	0	0	1	1	0	0	0	0	0	0	0	0	0	0	2.587	4	0
rs3767392	PPP1R12B	1	1	0	0	0	0	0	0	0	1	1	0	0	0	0	0	0	0	0	0	0	1.338	4	0
rs3819503	VAV2	1	1	0	0	0	0	0	0	0	1	1	0	0	0	0	0	0	0	0	0	0	0.832	4	0
rs390041	MICAL3	1	1	0	0	0	0	0	0	0	1	1	0	0	0	0	0	0	0	0	0	0	4.376	4	0
rs56020114	ELN	1	0	0	0	0	1	0	0	0	1	1	0	0	0	0	0	0	0	0	0	0	1.373	4	1
rs4748988	PRTFDC1	1	1	0	0	1	0	0	0	0	0	1	0	0	0	0	0	0	0	0	0	0	5.236	4	0
rs2243562	DDHD1	1	1	0	0	1	0	0	0	0	0	1	0	0	0	0	0	0	0	0	0	0	3.794	4	0
	PTPRJ	0	1	0	0	0	0	0	0	0	1	1	0	0	0	0	0	0	0	1	0	0		4	0
rs7102816	ELP4	1	1	1	0	0	0	0	0	0	0	1	0	0	0	0	0	0	0	0	0	0	3.154	4	0
rs12684083	GCNT1	1	1	1	0	0	0	0	0	0	0	1	0	0	0	0	0	0	0	0	0	0	4.361	4	0
rs3095122	HSPA12A	1	1	0	0	0	0	0	0	0	1	1	0	0	0	0	0	0	0	0	0	0	0.17	4	0
	C14orf39	0	1	1	0	0	0	0	0	0	0	1	0	0	0	0	0	0	0	0	1	0		4	0
rs4714485	FOXP4	1	1	0	0	0	0	0	0	0	1	1	0	0	0	0	0	0	0	0	0	0	13.71	4	0
rs7903804	CYP26A1	1	0	1	0	0	0	0	0	0	0	1	0	0	0	0	0	0	0	0	0	1	16.1	4	0
rs216212	SMG6	1	1	0	0	0	0	0	0	0	0	1	0	0	0	0	0	0	0	1	0	0	4.923	4	0
rs2526393	SEMA3F	1	1	0	0	0	0	0	0	0	1	1	0	0	0	0	0	0	0	0	0	0	4.423	4	0
rs2016281	PTPN12	1	1	0	0	0	0	0	0	0	1	1	0	0	0	0	0	0	0	0	0	0	1.447	4	1
	UCK2	0	1	0	0	0	0	0	0	0	1	1	0	0	0	0	0	0	0	1	0	0		4	1
rs34522599	MXRA8	1	1	0	0	0	0	0	0	0	1	1	0	0	0	0	0	0	0	0	0	0	0.443	4	1
rs13045575	TAF4	1	1	1	0	0	0	0	0	0	0	1	0	0	0	0	0	0	0	0	0	0	0.017	4	0
rs2833822	EVA1C	1	1	0	0	0	0	0	0	0	1	1	0	0	0	0	0	0	0	0	0	0	0.028	4	1
	OBP2B	0	1	0	1	0	1	0	0	0	0	1	0	0	0	0	0	0	0	0	0	0		4	0
	GNAI2	0	1	0	0	0	0	0	0	0	0	0	0	0	0	0	0	0	0	1	1	1		4	0
	CRHR1	0	1	1	0	0	0	0	1	0	0	0	0	0	0	0	0	0	0	0	1	0		4	0
rs7121264	AGBL2	1	1	1	0	1	0	0	0	0	0	0	0	0	0	0	0	0	0	0	0	0	1.658	4	0
rs57161291	FLNB	1	1	0	0	1	0	0	0	0	1	0	0	0	0	0	0	0	0	0	0	0	0.648	4	0
rs4491174	ARHGAP1	1	1	1	1	0	0	0	0	0	0	0	0	0	0	0	0	0	0	0	0	0	6.371	4	0
rs62305038	DAPP1	1	1	0	1	0	1	0	0	0	0	0	0	0	0	0	0	0	0	0	0	0	0.515	4	1
rs59795179	TSEN15	1	1	1	0	1	0	0	0	0	0	0	0	0	0	0	0	0	0	0	0	0	2.908	4	0
rs35091778	BCAR1	1	0	0	0	0	0	0	0	0	1	0	0	0	0	0	0	0	0	0	1	1	5.993	4	0
	CD151	0	0	1	0	1	0	0	0	0	1	0	0	0	0	0	0	0	0	0	1	0		4	0
	AP006621.5	0	0	1	0	1	0	1	0	0	0	0	0	0	0	0	0	0	0	0	0	0		3	0
	PTPN11	0	0	0	0	0	0	1	0	0	1	1	0	0	0	0	0	0	0	0	0	0		3	1
	SPRED2	0	1	0	0	0	1	1	0	0	0	0	0	0	0	0	0	0	0	0	0	0		3	1
	MRPL20	0	0	0	0	1	0	0	0	0	0	0	1	0	1	0	0	0	0	0	0	0		3	1
	PEF1	0	1	0	0	0	0	0	0	0	0	0	1	1	0	0	0	0	0	0	0	0		3	1
	SF3A3	0	1	1	0	0	0	0	0	0	0	0	0	1	0	0	0	0	0	0	0	0		3	0
	MTMR11	0	0	0	0	0	0	0	0	0	0	1	0	1	0	1	0	0	0	0	0	0		3	1
	EFNA1	0	0	0	0	0	0	0	0	0	0	0	0	1	0	1	1	0	0	0	0	0		3	1
	RGL1	0	0	0	0	0	0	0	0	0	1	1	1	0	0	0	0	0	0	0	0	0		3	1
	GFPT1	0	0	0	0	0	0	0	0	0	0	0	1	1	0	1	0	0	0	0	0	0		3	1
	ARIH2	0	1	1	0	0	0	0	0	0	0	0	0	1	0	0	0	0	0	0	0	0		3	0
	RASSF1	0	1	0	0	0	0	0	0	0	0	0	0	1	0	0	0	0	0	0	1	0		3	0
	GPR128	0	0	0	0	0	0	0	0	0	0	1	0	0	1	0	0	1	0	0	0	0		3	1
	TFG	0	1	0	0	0	0	0	0	0	0	0	0	1	0	1	0	0	0	0	0	0		3	1
	PFN2	0	0	0	0	0	0	0	0	0	0	1	0	0	1	0	1	0	0	0	0	0		3	1
	WWTR1	0	0	0	0	0	0	0	0	0	1	1	0	0	0	0	1	0	0	0	0	0		3	1
	RNF212	0	1	0	0	0	0	0	0	0	0	1	0	0	0	0	1	0	0	0	0	0		3	1
	ADAMTS16	0	0	0	0	0	0	0	0	0	1	1	0	1	0	0	0	0	0	0	0	0		3	1
	FEM1C	0	0	0	0	0	0	0	0	0	0	1	0	0	0	0	1	1	0	0	0	0		3	1
	MEOX2	0	0	0	0	0	0	0	0	0	1	1	0	0	0	0	1	0	0	0	0	0		3	1
	PHTF2	0	0	0	0	0	0	0	0	0	0	1	0	0	1	0	1	0	0	0	0	0		3	1
	TMEM60	0	1	0	0	0	0	0	0	0	0	0	1	1	0	0	0	0	0	0	0	0		3	1
rs1509917	SEMA3C	1	0	0	0	0	0	0	0	0	1	0	0	0	1	0	0	0	0	0	0	0	12.35	3	0
	MFHAS1	0	0	0	0	0	0	0	0	0	1	1	0	0	1	0	0	0	0	0	0	0		3	1
rs1905014	C8orf48	1	0	0	0	0	0	0	0	0	0	0	0	1	1	0	0	0	0	0	0	0	7.61	3	1
	FAM83A	0	1	0	0	0	0	0	0	0	0	1	0	0	0	1	0	0	0	0	0	0		3	0
	MPDZ	0	0	0	0	0	0	0	0	0	0	1	0	0	1	0	1	0	0	0	0	0		3	1
	NFIB	0	0	0	0	0	0	0	0	0	1	1	0	0	0	0	1	0	0	0	0	0		3	1
rs6475604	CDKN2B-AS1	1	0	0	0	0	0	0	0	0	0	0	0	0	0	1	0	0	0	1	0	0	18.13	3	0
	CDKN2B	0	1	0	0	0	0	0	0	0	0	0	0	0	0	0	1	0	0	1	0	0		3	0
	PIP5K1B	0	0	0	0	0	0	0	0	0	0	1	0	0	1	0	0	0	1	0	0	0		3	1
	C9orf114	0	1	0	0	0	0	0	0	0	0	0	0	1	0	1	0	0	0	0	0	0		3	1
	UCK1	0	0	0	0	0	0	0	0	0	0	0	0	1	1	0	0	0	0	0	1	0		3	1
	CELF2	0	0	0	0	0	0	0	0	0	1	1	0	0	0	0	1	0	0	0	0	0		3	0
	JMJD1C	0	1	0	0	0	0	0	0	0	0	1	1	0	0	0	0	0	0	0	0	0		3	1
	ANXA11	0	1	0	0	0	0	0	0	0	0	1	0	1	0	0	0	0	0	0	0	0		3	0
	NCR3LG1	0	1	0	0	0	1	0	0	0	0	0	0	1	0	0	0	0	0	0	0	0		3	0
	CTSW	0	1	0	0	0	0	0	0	0	0	0	0	1	0	0	1	0	0	0	0	0		3	0
	VPS26B	0	0	0	0	0	0	0	0	0	0	1	0	0	1	0	0	1	0	0	0	0		3	1
	NUDT4	0	0	0	0	0	0	0	0	0	1	0	0	1	1	0	0	0	0	0	0	0		3	0
rs11156757	AKAP6	1	0	0	0	0	0	0	0	0	0	1	0	1	0	0	0	0	0	0	0	0	5.956	3	1
rs72683923	L2HGDH	1	0	0	0	0	0	0	0	0	0	1	0	0	0	1	0	0	0	0	0	0	7.618	3	1
	SIX4	0	1	0	0	0	0	0	0	0	0	1	0	0	0	0	1	0	0	0	0	0		3	0
	ZBTB25	0	1	0	0	0	0	0	0	0	0	1	0	0	0	1	0	0	0	0	0	0		3	1
rs589135	GJD2	1	0	0	0	0	0	0	0	0	0	0	0	0	1	0	0	0	0	0	1	0	7.666	3	0
	TBC1D21	0	1	0	0	0	0	0	0	0	0	1	0	0	0	0	1	0	0	0	0	0		3	1
	NPW	0	0	0	1	0	1	0	0	0	0	0	0	0	0	0	0	0	1	0	0	0		3	1
	PKD1	0	1	0	0	0	0	0	0	0	0	1	0	0	1	0	0	0	0	0	0	0		3	1
	FANCA	0	1	0	0	0	0	0	0	0	0	1	0	0	0	0	0	1	0	0	0	0		3	0
	CCDC57	0	1	0	0	0	0	0	0	0	0	0	0	1	0	0	0	1	0	0	0	0		3	1
	DOCK6	0	1	0	0	0	0	0	0	0	0	1	0	0	0	1	0	0	0	0	0	0		3	1
rs8107744	RSPH6A	1	0	0	0	0	0	0	0	0	0	0	0	0	1	0	0	1	0	0	0	0	0.489	3	0
	C22orf29	0	1	1	0	1	0	0	0	0	0	0	0	0	0	0	0	0	0	0	0	0		3	0
rs62334050	IRX1	1	0	0	0	0	0	0	0	0	1	1	0	0	0	0	0	0	0	0	0	0	0.612	3	1
rs74554354	NFIA	1	0	0	0	0	0	0	0	0	1	1	0	0	0	0	0	0	0	0	0	0	0.028	3	0
	MEIS1	0	0	0	0	0	0	0	0	0	1	1	0	0	0	0	0	0	0	1	0	0		3	1
rs392087	TMTC2	1	0	0	0	0	0	0	0	0	1	1	0	0	0	0	0	0	0	0	0	0	17.37	3	0
rs10444605	EFNB2	1	0	0	0	0	0	0	0	0	1	1	0	0	0	0	0	0	0	0	0	0	4.586	3	1
rs11859314	SALL1	1	0	0	0	0	0	0	0	0	1	1	0	0	0	0	0	0	0	0	0	0	0.258	3	0
	C10orf11	0	1	0	0	0	0	0	0	0	1	1	0	0	0	0	0	0	0	0	0	0		3	0
rs2914226	EBF1	1	0	0	0	0	0	0	0	0	1	1	0	0	0	0	0	0	0	0	0	0	3.426	3	1
rs1556659	MGMT	1	0	0	0	0	0	0	0	0	1	1	0	0	0	0	0	0	0	0	0	0	5.506	3	1
rs11045348	PDE3A	1	0	0	0	0	0	0	0	0	1	1	0	0	0	0	0	0	0	0	0	0	0.114	3	1
	HEY2	0	1	0	0	0	0	0	0	0	1	1	0	0	0	0	0	0	0	0	0	0		3	1
rs58144558	INTU	1	0	0	0	0	0	0	0	0	1	1	0	0	0	0	0	0	0	0	0	0	0.17	3	0
rs10755329	COL12A1	1	0	0	0	0	0	0	0	0	1	1	0	0	0	0	0	0	0	0	0	0	1.406	3	1
rs61488111	SLCO3A1	1	0	0	0	0	0	0	0	0	1	1	0	0	0	0	0	0	0	0	0	0	8.871	3	0
rs7104616	METTL15	1	1	0	0	0	0	0	0	0	0	1	0	0	0	0	0	0	0	0	0	0	1.051	3	0
rs2684249	HSF2	1	0	0	0	0	0	0	0	0	1	1	0	0	0	0	0	0	0	0	0	0	9.815	3	0
rs1392874	EMCN	1	0	0	0	0	0	0	0	0	1	1	0	0	0	0	0	0	0	0	0	0	2.357	3	0
rs4855980	ROBO2	1	0	0	0	0	0	0	0	0	1	1	0	0	0	0	0	0	0	0	0	0	4.513	3	1
	COL5A2	0	1	0	0	0	0	0	0	0	1	1	0	0	0	0	0	0	0	0	0	0		3	0
rs12543430	EYA1	1	0	0	0	0	0	0	0	0	1	1	0	0	0	0	0	0	0	0	0	0	2.036	3	1
	SEPT7	0	1	0	0	0	0	0	0	0	1	1	0	0	0	0	0	0	0	0	0	0		3	0
	TEAD1	0	1	0	0	0	0	0	0	0	1	1	0	0	0	0	0	0	0	0	0	0		3	1
rs10860882	IGF1	1	0	0	0	0	0	0	0	0	1	1	0	0	0	0	0	0	0	0	0	0	1.445	3	1
rs34120854	ZBTB7C	1	0	0	0	0	0	0	0	0	1	1	0	0	0	0	0	0	0	0	0	0	7.025	3	1
	APP	0	1	0	0	0	0	0	0	0	1	1	0	0	0	0	0	0	0	0	0	0		3	0
rs17283106	SBSPON	1	0	0	0	0	0	0	0	0	1	1	0	0	0	0	0	0	0	0	0	0	3.251	3	1
rs10517281	SCFD2	1	1	0	0	0	0	0	0	0	0	1	0	0	0	0	0	0	0	0	0	0	17.21	3	0
	TEK	0	0	0	0	0	1	0	0	0	1	1	0	0	0	0	0	0	0	0	0	0		3	0
rs6504037	BCAS3	1	1	0	0	0	0	0	0	0	0	1	0	0	0	0	0	0	0	0	0	0	0.084	3	0
	BRE	0	1	0	0	0	0	0	0	0	1	1	0	0	0	0	0	0	0	0	0	0		3	0
rs1126809	TYR	1	1	0	0	0	0	0	0	0	0	1	0	0	0	0	0	0	0	0	0	0	27	3	0
rs4128399	PRKAG2	1	0	0	0	0	0	0	0	0	1	1	0	0	0	0	0	0	0	0	0	0	0.213	3	0
rs6095946	PTPN1	1	0	0	0	0	0	0	0	0	1	1	0	0	0	0	0	0	0	0	0	0	0.713	3	0
rs1150626	ATXN1	1	0	0	0	0	0	0	0	0	1	1	0	0	0	0	0	0	0	0	0	0	3.315	3	1
rs8904	NFKBIA	1	0	0	0	0	0	0	0	0	1	1	0	0	0	0	0	0	0	0	0	0	0.27	3	1
rs77435835	TSHR	1	1	0	0	0	0	0	0	0	0	1	0	0	0	0	0	0	0	0	0	0	0.941	3	0
	LRIG1	0	0	0	0	0	1	0	0	0	1	1	0	0	0	0	0	0	0	0	0	0		3	0
rs7175393	RORA	1	0	0	0	0	0	0	0	0	1	1	0	0	0	0	0	0	0	0	0	0	1.027	3	0
rs1544557	BBS9	1	1	0	0	0	0	0	0	0	0	1	0	0	0	0	0	0	0	0	0	0	4.577	3	0
	RIC8B	0	1	0	0	0	0	0	0	0	0	1	0	0	0	0	0	0	0	0	1	0		3	0
	SPARC	0	0	0	0	0	1	0	0	0	1	1	0	0	0	0	0	0	0	0	0	0		3	1
	VEGFC	0	0	0	0	0	1	0	0	0	1	1	0	0	0	0	0	0	0	0	0	0		3	1
rs4141194	PLEKHA7	1	1	0	0	0	0	0	0	0	0	1	0	0	0	0	0	0	0	0	0	0	2.612	3	0
rs7137828	ATXN2	1	0	0	0	0	0	0	0	0	1	1	0	0	0	0	0	0	0	0	0	0	0.662	3	0
rs4706297	AKIRIN2	1	0	1	0	0	0	0	0	0	0	1	0	0	0	0	0	0	0	0	0	0	0.063	3	1
	ZFP36L2	0	1	0	0	0	0	0	0	0	1	1	0	0	0	0	0	0	0	0	0	0		3	0
rs61877038	SBF2	1	1	0	0	0	0	0	0	0	0	1	0	0	0	0	0	0	0	0	0	0	5.004	3	1
	DDIT4L	0	0	1	0	0	0	0	0	0	1	1	0	0	0	0	0	0	0	0	0	0		3	1
	ADM	0	1	0	0	0	0	0	0	0	1	1	0	0	0	0	0	0	0	0	0	0		3	1
rs2863156	PRDM11	1	1	0	0	0	0	0	0	0	0	1	0	0	0	0	0	0	0	0	0	0	0.192	3	0
	MARCH3	0	1	0	0	0	0	0	0	0	1	1	0	0	0	0	0	0	0	0	0	0		3	1
	CAPZA1	0	1	1	0	0	0	0	0	0	0	1	0	0	0	0	0	0	0	0	0	0		3	0
	MYOF	0	0	0	0	0	0	0	1	0	1	1	0	0	0	0	0	0	0	0	0	0		3	0
rs12744941	BCAR3	1	0	0	0	0	0	0	0	0	1	1	0	0	0	0	0	0	0	0	0	0	1.183	3	0
rs58986932	RALGPS1	1	1	0	0	0	0	0	0	0	0	1	0	0	0	0	0	0	0	0	0	0	1.953	3	0
rs79448310	DLG2	1	0	0	0	0	0	0	0	0	0	1	0	0	0	0	0	0	0	1	0	0	1.48	3	1
	SLC26A2	0	1	0	0	0	0	0	0	0	0	1	0	0	0	0	0	0	0	0	1	0		3	0
rs791338	CPEB4	1	0	0	0	0	0	0	0	0	0	1	0	0	0	0	0	0	0	0	1	0	3.197	3	1
	JAM3	0	0	0	0	0	1	0	0	0	1	1	0	0	0	0	0	0	0	0	0	0		3	1
rs5750494	TRIOBP	1	1	0	0	0	0	0	0	1	0	0	0	0	0	0	0	0	0	0	0	0	0.323	3	0
	SRR	0	1	1	0	0	0	0	0	1	0	0	0	0	0	0	0	0	0	0	0	0		3	0
	CERS5	0	1	0	0	0	0	0	0	1	0	0	0	0	0	0	0	0	0	0	0	1		3	1
	TBKBP1	0	1	0	0	1	0	0	0	1	0	0	0	0	0	0	0	0	0	0	0	0		3	0
rs11488570	TGFB2	1	0	0	0	0	0	0	0	0	1	0	0	0	0	0	0	0	0	1	0	0	0.231	3	0
	SLC38A3	0	1	0	0	0	0	0	0	0	0	0	0	0	0	0	0	0	0	1	0	1		3	0
	STK38	0	1	0	0	1	0	0	0	0	0	0	0	0	0	0	0	0	0	1	0	0		3	0
	ZNF280D	0	1	1	0	0	0	0	0	0	0	0	0	0	0	0	0	0	0	1	0	0		3	0
rs13085037	KALRN	1	1	1	0	0	0	0	0	0	0	0	0	0	0	0	0	0	0	0	0	0	4.631	3	0
rs8176746	ABO	1	1	0	1	0	0	0	0	0	0	0	0	0	0	0	0	0	0	0	0	0	0.001	3	0
	TMX2	0	1	1	0	1	0	0	0	0	0	0	0	0	0	0	0	0	0	0	0	0		3	0
rs4964184	RFX4	1	1	1	0	0	0	0	0	0	0	0	0	0	0	0	0	0	0	0	0	0	5.845	3	0
	SNIP1	0	1	0	0	0	0	0	0	0	0	0	0	0	0	0	0	0	0	0	1	1		3	0
	F2	0	1	0	1	0	1	0	0	0	0	0	0	0	0	0	0	0	0	0	0	0		3	0
rs10750870	CTNND1	1	1	0	0	0	0	0	0	0	1	0	0	0	0	0	0	0	0	0	0	0	0.025	3	0
	CELF1	0	1	1	0	0	0	0	0	0	0	0	0	0	0	0	0	0	0	0	1	0		3	0
	ANGPTL2	0	1	0	0	0	0	0	0	0	0	0	0	0	0	0	0	0	0	0	1	1		3	0
	MTCH2	0	1	1	0	1	0	0	0	0	0	0	0	0	0	0	0	0	0	0	0	0		3	0
	ZFP91	0	1	1	0	0	0	0	0	0	1	0	0	0	0	0	0	0	0	0	0	0		3	0
rs6985028	PURG	1	1	1	0	0	0	0	0	0	0	0	0	0	0	0	0	0	0	0	0	0	0.76	3	0
	ARHGAP27	0	1	1	0	0	0	0	1	0	0	0	0	0	0	0	0	0	0	0	0	0		3	0
rs7223766	ITGB3	1	1	0	0	0	0	0	0	0	1	0	0	0	0	0	0	0	0	0	0	0	0.55	3	0
	METTL10	0	1	1	0	1	0	0	0	0	0	0	0	0	0	0	0	0	0	0	0	0		3	0
	DNAJB14	0	1	0	0	1	1	0	0	0	0	0	0	0	0	0	0	0	0	0	0	0		3	0
	UMPS	0	1	1	0	1	0	0	0	0	0	0	0	0	0	0	0	0	0	0	0	0		3	0
	COL4A4	0	1	0	0	0	0	0	0	0	0	0	0	0	0	0	0	0	0	0	1	1		3	0
	HIC1	0	1	1	0	0	0	0	0	0	1	0	0	0	0	0	0	0	0	0	0	0		3	1
	NUCB2	0	1	1	0	1	0	0	0	0	0	0	0	0	0	0	0	0	0	0	0	0		3	0
rs9530143	KLF5	1	1	0	0	0	0	0	0	0	1	0	0	0	0	0	0	0	0	0	0	0	18.32	3	0
	SPON2	0	1	0	0	0	1	0	0	0	1	0	0	0	0	0	0	0	0	0	0	0		3	0
	FAM213A	0	1	0	1	1	0	0	0	0	0	0	0	0	0	0	0	0	0	0	0	0		3	0
	LAMB2	0	1	1	0	0	0	0	0	0	1	0	0	0	0	0	0	0	0	0	0	0		3	0
rs2235176	PRDM16	1	1	0	0	0	0	0	0	0	1	0	0	0	0	0	0	0	0	0	0	0	0.343	3	0
	FOLH1	0	1	0	0	0	0	0	1	0	1	0	0	0	0	0	0	0	0	0	0	0		3	0
	DNALI1	0	1	0	0	0	0	0	0	0	0	0	0	0	0	0	0	0	0	0	1	1		3	0
	GNL2	0	1	1	0	0	0	0	0	0	0	0	0	0	0	0	0	0	0	0	0	1		3	0
rs2306940	MOV10	1	1	0	0	0	0	0	0	0	0	0	0	0	0	0	0	0	0	0	1	0	8.76	3	0
	ACP2	0	1	1	0	1	0	0	0	0	0	0	0	0	0	0	0	0	0	0	0	0		3	0
	P4HTM	0	1	1	0	1	0	0	0	0	0	0	0	0	0	0	0	0	0	0	0	0		3	1
rs12815462	RAPGEF3	1	1	1	0	0	0	0	0	0	0	0	0	0	0	0	0	0	0	0	0	0	0.459	3	1
rs2427598	SOX18	1	1	0	0	0	0	0	0	0	1	0	0	0	0	0	0	0	0	0	0	0	0.462	3	1
	PIK3R3	0	1	1	0	1	0	0	0	0	0	0	0	0	0	0	0	0	0	0	0	0		3	1
	HMGXB3	0	1	0	0	1	0	0	0	0	0	0	0	0	0	0	0	0	0	0	0	1		3	1
	KCTD10	0	1	0	0	1	0	0	0	0	1	0	0	0	0	0	0	0	0	0	0	0		3	1
	KIF18A	0	1	1	0	0	0	0	0	0	1	0	0	0	0	0	0	0	0	0	0	0		3	0
	CCDC36	0	1	1	0	1	0	0	0	0	0	0	0	0	0	0	0	0	0	0	0	0		3	1
rs41307205	LAMA5	1	1	0	0	0	0	0	0	0	1	0	0	0	0	0	0	0	0	0	0	0	14.78	3	1
rs59542139	HDLBP	1	1	0	0	0	1	0	0	0	0	0	0	0	0	0	0	0	0	0	0	0	0.593	3	1
rs3852206	CSF2	1	1	0	0	0	1	0	0	0	0	0	0	0	0	0	0	0	0	0	0	0	3.626	3	1
	PIDD1	0	1	1	0	0	0	0	0	0	0	0	0	0	0	0	0	0	0	0	0	1		3	0
rs2290973	HHATL	1	1	1	0	0	0	0	0	0	0	0	0	0	0	0	0	0	0	0	0	0	9.301	3	1
	TGFB3	0	1	0	0	0	0	0	0	0	1	0	0	0	0	0	0	0	0	0	0	1		3	0
	ZNRF3	0	1	0	0	0	1	0	0	0	1	0	0	0	0	0	0	0	0	0	0	0		3	1
	SEC31B	0	1	1	0	1	0	0	0	0	0	0	0	0	0	0	0	0	0	0	0	0		3	1
	IFT122	0	1	1	0	1	0	0	0	0	0	0	0	0	0	0	0	0	0	0	0	0		3	0
	SEC14L2	0	1	0	0	0	0	0	0	0	0	0	0	0	0	0	0	0	0	0	1	1		3	1
	CYP26C1	0	1	1	0	1	0	0	0	0	0	0	0	0	0	0	0	0	0	0	0	0		3	0
rs7738466	FAM120B	1	1	0	0	1	0	0	0	0	0	0	0	0	0	0	0	0	0	0	0	0	1.394	3	1
rs5442	CDCA3	1	0	0	0	0	0	0	0	0	0	0	0	0	0	0	0	0	0	0	1	1	29.7	3	1
rs9400512	FYN	1	0	0	0	0	0	0	0	0	0	0	0	0	0	0	0	0	0	0	1	1	2.364	3	1
	AFAP1L1	0	0	0	0	0	0	0	0	0	1	0	0	0	0	0	0	0	0	0	1	1		3	1
	CDKN1A	0	0	0	0	0	1	0	0	0	1	0	0	0	0	0	0	0	0	0	1	0		3	1
	LPIN3	0	0	0	0	1	0	0	0	0	0	0	0	0	0	0	0	0	0	0	1	1		3	1
